13.03965897049711,1.0058289145742043
4.725318143141166,4.502766566977816
12.486541252504345,1.09239767973093
11.429073985165747,1.2914788769749999
2.798507462686567,7.889956675838219
15.095291104870078,0.7242247953806895
7.701276451821517,2.377015835807052
15.098395507642836,0.7239526005987992
13.885038203821392,0.8760354604450863
12.437645897372963,1.1058601287804144
15.614886482389513,0.6647931816846574
4.871974567947879,4.330279762160403
10.207269084705821,1.5640566996678176
16.141939170609334,0.6078454138345277
14.366549839785584,0.8124398749594375
